12.000000	27.000000
12.673469	28.346939
13.346939	29.693878
14.020408	31.040816
14.693878	32.387755
15.367347	33.734694
16.040816	35.081633
16.714286	36.428571
17.387755	37.775510
18.061224	39.122449
18.734694	40.469388
19.408163	41.816327
20.081633	43.163265
20.755102	44.510204
21.428571	45.857143
22.102041	47.204082
22.775510	48.551020
23.448980	49.897959
24.122449	51.244898
24.795918	52.591837
25.469388	53.938776
26.142857	55.285714
26.816327	56.632653
27.489796	57.979592
28.163265	59.326531
28.836735	60.673469
29.510204	62.020408
30.183673	63.367347
30.857143	64.714286
31.530612	66.061224
32.204082	67.408163
32.877551	68.755102
33.551020	70.102041
34.224490	71.448980
34.897959	72.795918
35.571429	74.142857
36.244898	75.489796
36.918367	76.836735
37.591837	78.183673
38.265306	79.530612
38.938776	80.877551
39.612245	82.224490
40.285714	83.571429
40.959184	84.918367
41.632653	86.265306
42.306122	87.612245
42.979592	88.959184
43.653061	90.306122
44.326531	91.653061
45.000000	93.000000
